mat1: Input Rational Matrix in report
n is 2
P^2: Matrix[[5/12, 5/12, 1/6], [13/36, 5/18, 13/36], [5/16, 1/8, 9/16]]
-----
V: Matrix[[-0.5773502691896257, -0.7411267859855539, -1.0198039027185581], [-0.577350269189626, 0.6176056549879615, -2.220446049250313e-16], [-0.5773502691896254, 0.2779225447445824, 1.0198039027185566]]
D: Matrix[[0.9999999999999991, 0, 0], [0, 0.08333333333333348, 0], [0, 0, 0.5000000000000001]]
V_inv: Matrix[[-0.6298366572977733, -0.47237749297333004, -0.6298366572977743], [-0.5887840577551896, 1.177568115510379, -0.5887840577551902], [-0.19611613513818382, -0.5883484054145516, 0.7844645405527362]]
D^inf: Matrix[[1.0, 0, 0], [0, 0, 0], [0, 0, 0]]
-----
P (calculated): Matrix[[0.49999999999999956, 0.49999999999999967, -3.885780586188048e-16], [0.3333333333333329, 0.33333333333333326, 0.3333333333333333], [0.24999999999999933, -2.220446049250313e-16, 0.7499999999999998]]
P^inf (calculated): Matrix[[0.3636363636363634, 0.27272727272727265, 0.36363636363636404], [0.3636363636363636, 0.27272727272727276, 0.36363636363636415], [0.36363636363636326, 0.2727272727272725, 0.3636363636363638]]
-----
stational: Matrix[[0.36363636363636365, 0.2727272727272727, 0.3636363636363636]]
-----
mat2: Input float Matrix in report
n is 2
P^2: Matrix[[0.41666666666666663, 0.41666666666666663, 0.16666666666666666], [0.3611111111111111, 0.2777777777777778, 0.3611111111111111], [0.3125, 0.125, 0.5625]]
-----
V: Matrix[[-0.5773502691896257, -0.7411267859855539, -1.0198039027185581], [-0.577350269189626, 0.6176056549879615, -2.220446049250313e-16], [-0.5773502691896254, 0.2779225447445824, 1.0198039027185566]]
D: Matrix[[0.9999999999999991, 0, 0], [0, 0.08333333333333348, 0], [0, 0, 0.5000000000000001]]
V_inv: Matrix[[-0.6298366572977733, -0.47237749297333004, -0.6298366572977743], [-0.5887840577551896, 1.177568115510379, -0.5887840577551902], [-0.19611613513818382, -0.5883484054145516, 0.7844645405527362]]
D^inf: Matrix[[1.0, 0, 0], [0, 0, 0], [0, 0, 0]]
-----
P (calculated): Matrix[[0.49999999999999956, 0.49999999999999967, -3.885780586188048e-16], [0.3333333333333329, 0.33333333333333326, 0.3333333333333333], [0.24999999999999933, -2.220446049250313e-16, 0.7499999999999998]]
P^inf (calculated): Matrix[[0.3636363636363634, 0.27272727272727265, 0.36363636363636404], [0.3636363636363636, 0.27272727272727276, 0.36363636363636415], [0.36363636363636326, 0.2727272727272725, 0.3636363636363638]]
-----
mat3: Input example 1 in 12th class
-----
V: Matrix[[-0.5773502691896263, -0.7302040647056393, 0.14382418748166942], [-0.5773502691896265, 0.32015591824574635, -0.6560616269569526], [-0.577350269189626, 0.6150722196898385, 0.7683561592129255]]
D: Matrix[[1.0000000000000009, 0, 0], [0, 0.2134627344007359, 0], [0, 0, -0.1301294010674026]]
V_inv: Matrix[[-0.6495190528383281, -0.6495190528383288, -0.4330127018922189], [-0.8223879922836699, 0.36057370199656846, 0.4618142902871015], [0.17027000602715567, -0.7766956249301483, 0.6064256189029933]]
D^inf: Matrix[[1.0, 0, 0], [0, 0, 0], [0, 0, 0]]
-----
P (calculated): Matrix[[0.5000000000000003, 0.33333333333333387, 0.1666666666666668], [0.33333333333333365, 0.33333333333333404, 0.3333333333333337], [0.2500000000000001, 0.5000000000000004, 0.24999999999999994]]
P^inf (calculated): Matrix[[0.37499999999999983, 0.3750000000000002, 0.25], [0.375, 0.3750000000000004, 0.25000000000000006], [0.3749999999999996, 0.375, 0.24999999999999983]]
-----
mat4: Input example 1 in 12th class
-----
V: Matrix[[1.0, 0.5, 0.5], [0.0, 1.0, 0.0], [0.0, 0.0, 1.0]]
D: Matrix[[0.0, 0, 0], [0, 1.0, 0], [0, 0, 1.0]]
V_inv: Matrix[[1.0, -0.5, -0.5], [0.0, 1.0, 0.0], [0.0, 0.0, 1.0]]
D^inf: Matrix[[0, 0, 0], [0, 1.0, 0], [0, 0, 1.0]]
-----
P (calculated): Matrix[[0.0, 0.5, 0.5], [0.0, 1.0, 0.0], [0.0, 0.0, 1.0]]
P^inf (calculated): Matrix[[0.0, 0.5, 0.5], [0.0, 1.0, 0.0], [0.0, 0.0, 1.0]]
-----
